-0.5773502691896257 0.5773502691896256 -0.5773502691896257
-1.1547005383792512 1.1547005383792515 -1.1547005383792515
-1.732050807568877 1.7320508075688776 -1.7320508075688776
-2.309401076758503 2.309401076758503 -2.3094010767585034
-2.886751345948129 2.886751345948128 -2.886751345948129
-3.464101615137755 3.464101615137754 -3.464101615137755
-4.041451884327381 4.04145188432738 -4.041451884327381
-4.618802153517007 4.618802153517006 -4.618802153517006
-5.196152422706633 5.196152422706632 -5.196152422706631
-5.773502691896258 5.773502691896257 -5.773502691896257
-6.350852961085884 6.350852961085883 -6.350852961085883
-6.9282032302755105 6.928203230275509 -6.928203230275508
-7.505553499465136 7.505553499465137 -7.505553499465132
-8.082903768654761 8.082903768654763 -8.082903768654758
-8.660254037844386 8.660254037844389 -8.660254037844384
-9.237604307034012 9.237604307034015 -9.23760430703401
-9.814954576223638 9.814954576223641 -9.814954576223636
-10.392304845413264 10.392304845413268 -10.392304845413262
-10.969655114602888 10.969655114602892 -10.969655114602892
-11.547005383792515 11.547005383792516 -11.547005383792518
-12.12435565298214 12.124355652982143 -12.124355652982144
-12.701705922171767 12.701705922171769 -12.701705922171769
-13.279056191361393 13.279056191361395 -13.279056191361393
-13.85640646055102 13.856406460551021 -13.85640646055102
-14.433756729740644 14.433756729740647 -14.433756729740644
-15.011106998930268 15.011106998930273 -15.01110699893027
-15.588457268119893 15.5884572681199 -15.588457268119896
-16.16580753730952 16.165807537309526 -16.165807537309522
-16.743157806499145 16.743157806499152 -16.74315780649915
-17.32050807568877 17.320508075688778 -17.320508075688775
-17.897858344878397 17.897858344878404 -17.8978583448784
-18.475208614068023 18.47520861406803 -18.475208614068027
-19.05255888325765 19.052558883257657 -19.052558883257653
-19.629909152447276 19.629909152447283 -19.62990915244728
-20.207259421636902 20.20725942163691 -20.207259421636905
-20.784609690826528 20.784609690826535 -20.78460969082653
-21.361959960016154 21.36195996001616 -21.361959960016158
-21.93931022920578 21.939310229205788 -21.939310229205784
-22.516660498395407 22.516660498395414 -22.51666049839541
-23.094010767585033 23.09401076758504 -23.094010767585036
-23.67136103677466 23.671361036774666 -23.671361036774663
-24.248711305964285 24.248711305964292 -24.24871130596429
-24.82606157515391 24.82606157515392 -24.826061575153915
-25.403411844343537 25.403411844343545 -25.40341184434354
-25.980762113533164 25.98076211353317 -25.980762113533167
-26.55811238272279 26.558112382722797 -26.558112382722793
-25.980762113533164 25.98076211353317 -25.980762113533167
-26.55811238272279 26.558112382722797 -26.558112382722793
-27.135462651912416 27.135462651912423 -27.13546265191242
-27.712812921102042 27.71281292110205 -27.712812921102046
-28.29016319029167 28.290163190291675 -28.290163190291672
-28.867513459481295 28.8675134594813 -28.867513459481298
-29.44486372867092 29.444863728670928 -29.444863728670924
-30.022213997860547 30.022213997860554 -30.02221399786055
-29.490420244525765 29.72308001160975 -30.81449820329684
-30.06777051371539 30.300430280799375 -31.391848472486465
-30.645120782905018 30.877780549989 -31.96919874167609
-31.222471052094644 31.455130819178628 -32.54654901086572
-31.79982132128427 32.03248108836825 -33.12389928005534
-32.37717159047389 32.60983135755787 -33.70124954924496
-32.954521859663515 33.187181626747495 -34.278599818434586
-33.53187212885314 33.76453189593712 -34.855950087624215
-34.10922239804276 34.34188216512674 -35.43330035681384
-34.68657266723238 34.91923243431636 -36.01065062600346
-35.263922936422006 35.496582703505986 -36.58800089519308
-35.84127320561163 36.07393297269561 -37.165351164382706
-36.41862347480125 36.65128324188523 -37.74270143357233
-36.99597374399088 37.22863351107486 -38.32005170276195
-37.5733240131805 37.805983780264484 -38.897401971951574
-38.150674282370126 38.383334049454106 -39.474752241141196
-38.72802455155975 38.96068431864373 -40.05210251033082
-39.30537482074938 39.53803458783335 -40.62945277952044
-39.882725089939 40.115384857022974 -41.206803048710064
-40.46007535912862 40.6927351262126 -41.78415331789969
-41.037425628318246 41.27008539540222 -42.36150358708932
-41.61477589750787 41.84743566459184 -42.93885385627894
-42.19212616669749 42.424785933781465 -43.51620412546856
-42.76947643588712 43.00213620297109 -44.093554394658184
-43.34682670507675 43.57948647216071 -44.67090466384781
-43.92417697426637 44.15683674135033 -45.24825493303743
-44.501527243455996 44.734187010539955 -45.82560520222705
-45.07887751264562 45.31153727972958 -46.402955471416675
-45.65622778183524 45.8888875489192 -46.9803057406063
-46.233578051024864 46.46623781810883 -47.55765600979593
-46.81092832021449 47.04358808729845 -48.13500627898556
-47.38827858940411 47.620938356488075 -48.71235654817518
-47.96562885859374 48.198288625677705 -49.2897068173648
-48.54297912778337 48.77563889486733 -49.867057086554425
-49.120329396973 49.35298916405695 -50.44440735574405
-49.69767966616262 49.93033943324657 -51.02175762493367
-50.275029935352244 50.507689702436195 -51.59910789412329
-50.852380204541866 51.08503997162582 -52.176458163312915
-51.429730473731496 51.66239024081544 -52.75380843250254
-52.00708074292112 52.23974051000506 -53.33115870169217
-52.58443101211074 52.817090779194686 -53.90850897088179
-53.161781281300364 53.39444104838431 -54.48585924007142
-53.73913155048999 53.97179131757393 -55.06320950926104
-54.31648181967961 54.549141586763554 -55.640559778450665
-54.89383208886924 55.12649185595318 -56.21791004764029
-55.47118235805886 55.703842125142806 -56.79526031682991
-56.048532627248484 56.28119239433243 -57.37261058601954
-56.62588289643811 56.85854266352205 -57.94996085520916
-57.20323316562773 57.435892932711674 -58.527311124398786
-57.78058343481736 58.013243201901304 -59.10466139358841
-58.35793370400698 58.59059347109093 -59.68201166277803
-58.935283973196604 59.167943740280556 -60.25936193196766
-59.51263424238623 59.74529400947018 -60.83671220115728
-60.08998451157585 60.3226442786598 -61.41406247034691
-60.66733478076547 60.899994547849424 -61.99141273953654
-61.244685049955095 61.47734481703905 -62.56876300872617
-61.82203531914472 62.05469508622867 -63.1461132779158
-61.928601608838186 63.04900020320225 -63.147093207060664
-62.50595187802781 63.62635047239187 -63.724443476250286
-63.08330214721743 64.2037007415815 -64.30179374543991
-63.66065241640706 64.78105101077112 -64.87914401462953
-64.23800268559668 65.35840127996075 -65.45649428381915
-64.8153529547863 65.93575154915037 -66.03384455300878
-65.39270322397593 66.51310181833999 -66.6111948221984
-65.97005349316555 67.09045208752961 -67.18854509138802
-66.54740376235517 67.66780235671924 -67.76589536057764
-67.1247540315448 68.24515262590886 -68.34324562976727
-67.70210430073442 68.82250289509848 -68.92059589895689
-68.27945456992404 69.3998531642881 -69.49794616814651
-68.85680483911366 69.97720343347773 -70.07529643733614
-69.43415510830329 70.55455370266735 -70.65264670652576
-70.01150537749291 71.13190397185697 -71.22999697571538
-70.58885564668253 71.7092542410466 -71.807347244905
-71.16620591587215 72.28660451023622 -72.38469751409463
-71.74355618506178 72.86395477942584 -72.96204778328425
-72.3209064542514 73.44130504861546 -73.53939805247387
-72.89825672344102 74.01865531780508 -74.1167483216635
-73.47560699263065 74.5960055869947 -74.69409859085312
-74.05295726182027 75.17335585618433 -75.27144886004274
-74.63030753100989 75.75070612537395 -75.84879912923236
-75.20765780019951 76.32805639456357 -76.42614939842198
-75.78500806938914 76.9054066637532 -77.0034996676116
-76.36235833857876 77.48275693294282 -77.58084993680123
-76.93970860776838 78.06010720213244 -78.15820020599085
-77.517058876958 78.63745747132207 -78.73555047518047
-78.09440914614763 79.21480774051169 -79.3129007443701
-78.67175941533725 79.79215800970131 -79.89025101355972
-79.24910968452687 80.36950827889093 -80.46760128274934
-78.66612528681712 81.18191797492284 -80.47854101859406
-79.24347555600674 81.75926824411246 -81.05589128778368
-79.82082582519637 82.33661851330208 -81.6332415569733
-80.39817609438599 82.91396878249171 -82.21059182616293
-80.97552636357561 83.49131905168133 -82.78794209535255
-81.55287663276523 84.06866932087095 -83.36529236454217
-82.19947937239093 83.30588296142318 -83.37315791913008
-82.77682964158055 83.8832332306128 -83.9505081883197
-83.35417991077017 84.46058349980242 -84.52785845750932
-83.9315301799598 85.03793376899205 -85.10520872669895
-84.50888044914942 85.61528403818167 -85.68255899588857
-85.08623071833904 86.19263430737129 -86.25990926507819
-85.66358098752866 86.76998457656092 -86.83725953426782
-86.24093125671828 87.34733484575054 -87.41460980345744
-86.8182815259079 87.92468511494016 -87.99196007264706
-87.39563179509753 88.50203538412978 -88.56931034183668
-87.97298206428715 89.0793856533194 -89.1466606110263
-88.55033233347677 89.65673592250903 -89.72401088021593
-89.1276826026664 90.23408619169865 -90.30136114940555
-89.70503287185602 90.81143646088827 -90.87871141859517
-90.28238314104564 91.3887867300779 -91.4560616877848
-90.85973341023526 91.96613699926752 -92.03341195697442
-91.43708367942489 92.54348726845714 -92.61076222616404
-92.01443394861451 93.12083753764676 -93.18811249535366
-92.59178421780413 93.69818780683639 -93.76546276454329
-93.16913448699376 94.27553807602601 -94.34281303373291
-93.74648475618338 94.85288834521563 -94.92016330292253
-94.323835025373 95.43023861440525 -95.49751357211215
-94.90118529456262 96.00758888359488 -96.07486384130178
