27
23
16
21
25
18
17
21
19
20
24
13
15
14
33
21
14
29
25
25
26
27
24
21
24
13
26
20
19
30
17
25
26
22
26
31
28
29
36
23
22
32
33
19
27
35
31
35
26
30
27
25
21
24
33
36
23
27
35
35
29
40
36
34
45
30
29
35
35
31
26
35
26
36
34
32
33
15
41
34
23
45
39
26
36
38
39
29
30
33
42
29
37
28
31
41
36
39
18
45
32
29
34
30
39
23
28
28
27
32
28
31
30
20
27
31
28
41
36
30
23
19
30
29
36
27
35
33
18
27
27
24
19
23
36
18
39
17
31
24
23
37
31
21
32
28
24
30
22
23
14
21
24
17
27
22
31
31
26
41
28
40
32
49
26
42
25
25
37
29
29
39
34
27
32
37
38
26
36
38
33
42
22
43
27
36
25
33
36
40
32
42
28
42
32
50
22
36
33
36
39
51
29
30
38
34
32
50
40
35
33
45
43
38
33
37
35
24
29
26
29
29
22
34
25
26
25
32
28
27
25
40
22
25
37
26
46
26
45
34
30
30
42
43
46
40
41
37
45
33
41
40
49
40
40
31
34
36
48
49
40
53
36
35
40
53
44
42
42
48
33
48
53
44
60
45
49
45
30
38
55
41
43
37
45
49
49
42
33
44
54
43
45
44
48
74
45
54
64
68
55
54
49
43
68
68
36
61
45
62
63
54
51
60
77
58
54
59
59
70
79
57
56
58
59
74
70
56
54
68
63
57
72
58
44
38
50
60
62
62
49
71
56
67
44
60
56
49
40
57
49
43
56
58
57
61
49
47
47
31
32
45
46
38
21
46
47
37
48
45
33
32
33
39
43
22
26
45
43
36
32
36
28
40
40
39
46
36
29
35
31
25
39
44
32
39
38
39
31
32
32
42
32
25
29
31
30
46
31
36
36
36
35
32
42
28
34
32
50
51
36
47
42
41
49
45
73
51
43
44
53
53
58
39
65
55
44
48
45
37
43
44
34
29
26
32
27
25
32
30
28
26
36
25
28
30
21
32
30
33
26
26
16
33
30
29
26
33
25
38
41
31
27
32
56
40
35
39
48
46
