203.04000854492188,486.72003173828125,687.7440795898438,571.9680786132812
245.3760223388672,492.48004150390625,627.2640380859375,554.6880493164062
95.38561248779297,489.3696594238281,545.3568725585938,524.620849609375
184.13572692871094,505.12908935546875,633.02880859375,558.379150390625
546.4352416992188,528.519287109375,546.4352416992188,525.5333251953125
1218.2818603515625,512.39501953125,1211.115478515625,523.14453125
1211.115478515625,523.14453125,1193.1995849609375,537.477294921875
641.0,561.0,142.0,510.0
170.0,507.0,507.6000061035156,517.2000122070312
640.800048828125,560.4000244140625,545.760009765625,525.6000366210938
1149.1201171875,549.5040283203125,1264.8961181640625,513.216064453125
736.1281127929688,572.3136596679688,612.1268920898438,507.6174011230469
677.2213745117188,537.477294921875,639.000732421875,543.44921875
677.2213745117188,537.477294921875,544.6436157226562,523.14453125
507.6000061035156,517.2000122070312,134.40000915527344,500.4000244140625
638.6688842773438,543.2832641601562,628.3009033203125,557.7984619140625
70.50241088867188,485.22247314453125,203.21282958984375,487.29608154296875
211.5072479248047,500.1524353027344,89.57954406738281,492.6874694824219
627.0568237304688,561.3651123046875,633.02880859375,558.379150390625
641.3895263671875,541.0604858398438,609.1409301757812,508.81182861328125
211.40773010253906,498.0622863769531,175.57591247558594,501.64544677734375
90.0,496.0,179.0,499.0
574.800048828125,496.8000183105469,636.0,558.0
